4 5
17 19
24 22
39 31
41 46 44 47
54 53 50 51
60 65
75 73
81 76 85 84
92 87
103 102
107 106
116 118
122 119
133 131
138 140
148 147
150 151 157 153
165 162 160 166
169 174
183 188
192 198
202 203
213 211
227 219
234 236
245 247
251 250
252 253
261 263
271 270 272 265
278 283
286 287 290 289
297 296
304 306
312 310
316 317
333 330 328 325
334 338
350 349
356 354 355 357
360 365 358 363
368 369
373 371 374 372
377 375
384 379 383 381
391 390
402 403
407 405
409 408
420 419
426 425
439 432
442 444
447 452
458 461
469 467
471 473 477 470
484 486
488 497
501 500
503 504
514 507
518 516
528 519
529 531
546 539 542 547
550 551
553 556
561 557
568 570
578 577
582 583
589 592
597 599 602 596
603 604 606 607
614 613
624 622 617 621
628 627
631 637
639 638
647 650
658 653
664 661
670 675
681 684
689 694
699 695 696 697
701 702
712 703
715 713 714 716
726 724
728 727
731 732 735 738
743 741
745 746
747 752 750 748
762 760 755 763
766 765 767 768
770 769
777 775
787 785 782 784
788 792
794 793
803 804
809 812
817 816
824 827
829 832
842 838
847 849
859 856 858 857
866 867 863 862
870 873
879 877 876 881
884 888
897 895
902 901
906 905 904 907
913 909
919 921
930 929 926 933
934 936
941 939
944 942
948 947 950 954
956 960
961 965
977 976
981 987
992 988 990 994
998 1001
1006 1003
1008 1007
1010 1012 1014 1011
1024 1016
1026 1025
1029 1027
1033 1032
1039 1038
1047 1043 1042 1048
1051 1050
1057 1058
1061 1069 1068 1070
1078 1075
1082 1081
1083 1084
1087 1088
1095 1096
1097 1099 1101 1102
1106 1107
1112 1111
1121 1120
1123 1125 1126 1128
1133 1131
1134 1142
977 1146
1156 1150
1159 1158
1170 1168
1171 1172
1179 1176
1186 1188
1195 1198
1212 1205
1218 1217 1221 1222
1228 1223
1234 1236
1243 1241
1248 1253 1252 1250
1259 1258 1256 1255
1268 1270 1263 1264
1067 1271
1272 1275
1280 1285 1284 1278
1291 1290
1298 1294
1306 1303
1314 1310
1324 1318
1329 1327 1330 1328
1333 1339 1335 1337
1346 1344
1348 1349
1355 1356
1363 1372
1374 1379
1384 1382
1386 1385 1387 1388
1389 1390
1395 1396
1402 1409
1415 1420
1428 1421
1432 1431
1436 1440 1433 1439
1446 1444
1449 1451
1455 1454 1457 1458
1461 1463 1462 1465
1467 1471
1476 1477
1485 1482 1487 1489
1491 1490
1495 1496
1503 1500 1497 1499
1508 1506
1510 1512
1519 1516
1526 1525
1532 1531
1542 1539
1549 1547
1552 1557
1525 1559
1565 1566 1563 1564
1570 1572
1576 1578 1579 1577
1591 1588 1587 1584
1598 1594
1601 1599
1610 1607
1622 1617 1619 1624
1626 1628 1625 1627
1632 1633
1646 1642 1645 1641
1651 1652
1659 1654
1665 1661 1662 1668
1671 1670
1679 1677
1689 1685
1696 1695
1704 1705
1713 1707
1717 1718
1719 1721
1730 1735
1739 1742
1744 1746
1748 1749
1755 1754
1760 1758 1759 1761
1762 1764
1771 1772 1767 1770
1774 1775 1776 1777
1779 1780
1785 1786
1788 1789
1790 1796 1791 1795
1800 1804 1801 1797
1806 1807
1808 1811
1815 1816
1830 1824 1821 1826
1831 1832
1839 1835
994 1842
1846 1850
1858 1861
1863 1864
1873 1867
1881 1883 1875 1882
1885 847
1890 1892
1897 1901
1905 1904 1903 1902
1908 1906
1909 1912
1919 1914
1927 1923
1929 253
1935 1931 1936 1934
1940 1941
1945 1951 1944 1949
1955 1956
1960 1961
1966 1967
1970 1968
1972 1973 1974 1971
1976 1977
1979 1981 358 1978
1991 1984
1992 1993
1996 1510
2002 2003
2008 2010
2013 2012
2022 2024
2026 2027
2030 2034
2035 2036
2039 2040
2045 2050
2052 2056
2061 2063
2065 2066
2069 2070
2073 2075 2072 2071
2085 2084
2087 2093
2099 2097
2101 2103
2109 2106 2105 2108
2110 2112
2116 2118
2121 2120
2123 2122
2125 2124
2129 2127
2142 2137
2149 2146
2153 2158 2160 2156
2172 2164 2167 2166
2177 2173
2180 2178
2187 2185 2189 2186
2191 2190
2197 2195
2200 2201
2204 2208
2211 2213 2216 2218
2223 2221 2224 2225
2228 2229
2237 2236 2234 2235
2242 2245
2252 2249
2259 2265
2275 2273
2279 2281
2288 2289
2295 2294
2298 2297
2303 2304
2306 2305
2308 2307
2309 2311
2319 2312
2323 2324
2325 2328
2335 2333
2341 2340
2343 2342
2346 2345
2348 2350 2349 2347
2351 2352
2356 2362
2368 2366 2363 2371
2375 2379
2380 2383
2388 2385
2390 2391
2397 2398
2403 2404
2409 2407
2411 2410
1800 1804 1801 1797
2417 2423 2420 2418
2426 2429 2430 2428
2433 2432
2434 2436
539 2441 2444 2440
2449 2450
2451 2454
2457 2455
2464 2463
2465 2467
2476 2474
2481 2480 2477 2479
2488 2486
2492 2491
2500 2501
2503 2502
2505 2507 2508 2504
2511 2510
2517 2514
2525 2524
2529 2526
2534 2530
2542 2539 2540 2541
2545 2543
2551 2556
2559 2558
2562 2561
2566 2569
2574 2576
2578 2577
2582 2580
2584 2583
2588 551 2593 2591
2594 2595
2597 2596
2603 2604 2601 2605
2606 2609 2610 2607
2613 2615
2629 2628
2633 2632
2637 2636
2640 2641
2647 2644
2652 2651
2664 2661
2669 2668 2667 2665
2676 2671
2680 2681
24 2684
2689 2687 2685 2688
2690 2692
2697 2694
2705 2703
2709 2713
2714 2716 2717 2718
2720 2727 2726 2722
2729 2728
2731 2730
2737 2735
2743 2744
2746 2748
2749 2750
2755 2754
2760 2759 2758 2761
2762 2763
2768 2765
1776 2770 2769 2771
2780 2778
2782 2785
2788 2790
2796 2793 2801 2799
2804 2803
2807 2811 2808 2810
2813 2815
2820 2818
2825 2823
2830 2834
2841 2836
2848 2844 2846 2845
2852 2851 2853 2849
2859 2601 2858 2856
2861 2862
2875 2873
2877 174
2883 2880 2881 2882
1432 2884
2891 2886 2888 2887
2895 2894
2896 2897
2904 2905
2915 2910
133 1850
2926 2924
1306 1304
2938 2934
2944 2945
2951 2953
2961 2957
2967 2966
2970 2968
2972 2971
2977 2973 2974 2979
2981 2983
2991 2990
2994 2996 2995 2997
3003 3001
3006 3005
3013 3012
3018 3015
3024 3025
3029 3026 3030 3028
3036 3034
3040 3038 3039 2852
3042 3041
3043 3048
3053 1327 1330 1934
1665 1661 3057 3058
3059 3062
3065 3067
461 3073
3076 3077
3083 3079 3082 3081
3087 3088 3086 3085
3096 3095
3098 3099
3103 3108
3110 3114
3116 3120
3127 3129 3128 271
3130 3133
3135 3142
3146 3145
3158 3160
3165 2430 3162 3163
3169 3167
3173 3174 3172 3171
3178 1404
3182 3181
3186 3185
3190 3189
3194 3192
3196 3197
3040 3038 3039 2852
3199 3200
3203 3204
3205 3210 3208 3206
3212 3211
3219 3214
3223 3224 3221 3225
3231 3227
3237 3236
3239 3240 3238 3245
3246 3253 3247 3252
3257 3256
3266 3265
3271 3273
3279 3278 3274 3275
2688 3281 3286 3282
3293 1402
3296 3295
3302 3300
3311 3308
3313 3314
3320 3323 1499 3318
3326 3330
3334 3337
3340 3339
3357 3353
3358 3359
3367 3366
3371 3374
3379 3377
3386 3381 638 639
3391 3393 3389 3392
3395 3394
3397 3403
3405 3406
3407 3410 3408 3414
3415 1795
3418 3421
3427 3426 3429 3428
3435 3433 2808 3432
3439 3441
3446 1795
3447 3453 3088 3449
3457 3460 3459 3458
3462 3461
1259 3470 3467 3471
3472 3475 3474 3473
3483 3477
3487 3485
3495 3497
3504 3508
3512 3510
3513 3518
3029 3527 3528 3523
3531 3533
3537 3536
3544 3539
3552 3548
976 3558
3560 3566
3570 3569
3572 3571
3574 3573
3580 3581
3582 3586 3583 3584
3587 3589 3591 3588
3593 3592
3597 3601 3603 3599
3604 3613
3621 3619
3629 3624
3638 3640
3650 3646
3654 3658
3666 3663 3667 3079
3671 3670
3673 3677
3686 3688
3696 3695
3701 3700
3706 3705
3710 3709
2430 3713 1217 3717
3720 3722
3726 3732
3737 3736 3738 3735
3740 3741 3742 3743
3750 3744
3754 3761
3765 3766
3768 3767
3781 3775 3777 3776
3786 3785
3787 3790 3789 2430
3799 3794 3797 3800
1869 3802
3808 3805
3816 1107
3820 3819
3398 3831
3841 3838 3837 3836
3846 3847
3861 3854
3863 3862
3868 3865
3876 3870 3877 3875
3880 3881
3887 3883
3894 3896
3908 3909
3912 3911
3914 3919
3923 3921 3925 3922
467 3927
3935 3929
3939 3938
3940 3941
3947 3946 3942 3948
3953 3956
3961 3959 3962 3960
2223 2221 3968 3969
3977 3973
3989 3988
3996 3993
4001 4003
4010 4008 4012 4013
4015 4014 354 4016
4026 4021
4027 4028
4033 4035
4043 4039
4050 4047 4048 4046
4051 4054
4056 4058
4065 4068 4066 542
4071 4072
4074 4073
4077 4080
4086 4085
4087 4088
3029 4090 4091 4089
4092 4093
770 769
4102 4098
4107 4106
4118 4113
4121 4119
4122 4123
4126 4125 4124 4127
4128 4129
4136 4131
4137 4138
4139 4147
4149 4148
4151 4150 4153 4154
4161 4160
4163 4164
4166 4167
4170 4172 4169 4168
4175 2888 4176 4173
4183 4185
4190 4189
4192 4191
4043 4194
4205 4197
4207 4206
4214 4213
4218 4217
4220 4228
4230 4229
4235 4233 4231 4234
467 3927
4237 4246
4248 4249
4255 4250
4262 4264
4268 4270
4280 3428 4283 1387
4286 4284
4288 4289 1625 4287
4290 4292
4298 4297
4300 4299
4304 4302
4305 4307
2397 4310
4313 1824
4317 4320
4326 4325 4324 4327
4335 4333 4330 4337
4340 4341 4338 4339
4346 4345
4347 4349
4352 4356
4364 4360
4368 4367
4371 4369
4386 4382
4389 4387
4390 4391 4392 4393
4401 4395
4405 4403
4407 4406
4413 4410
4419 4422
4430 4427 4431 4429
4435 4434 4437 4436
4439 4444 4442 4440
4452 147 4447 4450
4459 4458 4457 4454
4464 4465
4469 4470
4475 4477
4482 3208 4483 2477
4488 4491
4495 4494
1454 4496 4498 4502
1497 4510 4506 4507
4513 4512
4521 4514
4524 4523
4532 4533
4535 4537
4545 4547
4548 4549
4551 4553 4552 4550
4561 4554
4565 4567 4566 4569
4574 4573
4577 4576
4580 4581
4588 4587
4590 4591
4593 4594 3410 4595
1499 4598
4605 4604
4607 4606 3278 4609
4616 4621
4626 2101
4627 3397
4638 4637
4648 4640
4650 4651
4654 4652 4655 4653
4657 4656
4666 4667
4670 4669
4672 4673 4675 4671
4677 4676
4679 4678
4681 4680
4689 4684
4692 4693
4694 4695
4703 4698
4711 4714
4496 4722 4717 4721
4729 4726 4727 4731
4734 3947 4737 47
4739 4738
4746 4743
4753 4754
4763 4761
4767 4766
4782 4777
4784 4791
4797 4793
4806 4802
4808 4812
4822 4821
4827 4823 4829 4831
4832 4833
4834 4839
4850 4843
4857 4852
3173 4859 4860 2311
4864 4862
4866 4867
4875 4874 4872 4873
4880 4876
4882 4883
4884 4885
4888 4889 4887 4890
4896 4893
4905 4901 4902 4904
4913 4909
4918 4919
4921 1973
4930 4929 4931 384
4933 4938 4936 4935
4940 4944
4951 4949
3238 4956
4964 4963 4962 4959
4968 4971
4975 4974
4977 4976 4979 4978
4980 4985 4984 4981
4986 4987
4992 4991
4998 5001
5002 5003
5004 5007 5006 5005
5009 2281
5012 5011 2160 2997
5021 5014 5018 5017
5024 5022
5033 5028
5039 3029 5035 5040
5043 5044
5050 5048
5057 5055
5059 5060
5062 5061
5067 5070
5075 5074 5073 5072
5078 2651
5080 5079
5082 5081
5083 5084
5086 5089
1175 1182
5095 1795
5100 5101 5099 5102
5106 5108
5111 5112
5115 5074
5121 5123
5127 5129
5136 5134
1259 5139 3470 5142
5151 5148
5157 5156 5158 5154
5160 1349
5164 5163 5165 5166
5172 1625 5171 5168
5177 5173
5181 5179 5180 5178
4659 5185
1665 5197 5198 5195
5200 5199
5207 5201
5210 5209
5215 5217 5216 4431
5222 5226
5230 5229
5233 5234
5238 5237
133 1850
5245 5244
5246 5248
5253 5251
5255 5257
5265 5268
5273 5272
5276 5275
5277 5278
44 5279
5289 5284
5290 5293
5297 5296
2793 5300
5302 5308
5319 5316
5321 5325
5332 5326
5337 5336 5340 5338
5344 5343
5347 5348
5354 5351
5366 5361 5362 5367
5377 5371
5379 5380 5378 5381
4523 5382
2541 5387 5384 5386
5389 5388
5392 5394
5401 5396 5400 5402
5403 5404
5406 2304
5414 5416
5419 5420
5425 24
5432 5427 5431 5434
5441 5436
5445 5444
5447 5446 5451 5449
5461 5459
5464 5462 5468 5467
5469 5472
76 5475 5476 5474
5477 5478
5481 5480 5482 4567
5486 2459
5489 5490
5493 5173
5494 5495
5496 5498 5501 4168
5508 5505
5511 5514
5519 5520
5528 5523
5530 2997 5534 5531
5536 5537 5538 5535
1776 5539 1625 5540
5544 5543
5545 5547
5550 5553
5554 5558
5567 5566 5564 5565
5571 5572
5574 5577 735 5578
5585 5588
976 5590
5600 5606
5610 5611
5620 5617
5625 5626
5638 5640
5645 5644
5655 4938 5652 5654
5662 5660
5668 5667
5673 5672
5674 5675
5677 5676
5681 5683
5685 5689 1777 5684
5691 5692
5693 5698
4482 3208 4483 2477
5707 5705
5710 5709
5712 5711
5713 5720
5722 5721 5725 5724
5728 5731 5733 5727
2771 5734 3922 5739
5746 5743 5744 5742
5754 5753
5759 5758
5762 5766
5772 5770
5773 1497 5774 5775
2569 5779
5782 5783
5787 5788
5793 5800
5802 5808 5807 5809
5810 5811
5821 5819
5829 5830
5833 5831
5844 5842
5853 5852
5858 5854
5863 5865
5867 5872 5868 5869
5875 1409
5878 5881
5885 5883
5887 5886
5889 5892 5890 5888
5893 5895 5894 5896
5899 5901
5908 5911
5920 5912 5914 5917
5929 5930
5935 5933
5943 5945 5942 5941
5948 5954
5957 5956
5965 5962
5969 5971
5974 5975
5976 5978
5988 5985
5990 5989
5995 5998
2129 6003
6009 6007 6008 6006
6014 6012
6019 6020
6023 2651
6024 2607
6025 6029
6032 6039
6040 2971
6044 6050
6056 6058
6062 6061
6063 6064
6069 6072
6076 6078 6080 6081
6087 6086
6091 6093
6096 6097
6101 6102
6108 6106 6105 6107
6109 6110
4243 6115
